------ Documentação-----------

Bloco(Brick) - 40x40px
Pilula(Ruby) - 15x15px
Cor de fundo - #696969
Matriz - 18x15 blocos posteriormente a matriz será maior para fazer o
placar do jogo(18x20);

Matriz inicial
1,1,1,1,1,1,1,1,1,1,1,1,1,1,1,
1,0,0,0,0,0,0,1,0,0,0,0,0,0,1,
1,0,1,1,1,0,1,1,1,0,1,1,1,0,1,
1,0,0,0,0,0,0,0,0,0,0,0,0,0,1,
1,1,1,1,0,1,1,1,1,1,0,1,1,1,1,
1,0,0,0,0,0,0,1,0,0,0,0,0,0,1,
1,0,1,1,1,1,0,1,0,1,1,1,1,0,1,
1,0,1,0,0,0,0,1,0,0,0,0,1,0,1,
1,0,1,0,1,1,0,1,0,1,1,0,1,0,1,
1,0,1,0,1,1,0,1,0,1,1,0,1,0,1,
1,0,0,0,0,0,0,0,0,0,0,0,0,0,1,
1,0,1,0,1,1,1,0,1,1,1,0,1,0,1,
1,0,1,0,1,0,0,0,0,0,1,0,1,0,1,
1,0,1,0,1,1,1,1,1,1,1,0,1,0,1,
1,0,0,0,0,0,0,0,0,0,0,0,0,0,1,
1,1,1,1,0,1,1,1,1,1,0,1,1,1,1,
1,0,0,0,0,0,0,1,0,0,0,0,0,0,1,
1,1,1,1,1,1,1,1,1,1,1,1,1,1,1


Matriz secundária(18x20)
1,1,1,1,1,1,1,1,1,1,1,1,1,1,1,3,3,3,3,3
1,0,0,0,0,0,0,1,0,0,0,0,0,0,1,3,3,3,3,3
1,0,1,1,1,0,1,1,1,0,1,1,1,0,1,3,4,4,4,3
1,0,0,0,0,0,0,0,0,0,0,0,0,0,1,3,4,4,4,3
1,1,1,1,0,1,1,1,1,1,0,1,1,1,1,3,4,4,4,3
1,0,0,0,0,0,0,1,0,0,0,0,0,0,1,3,3,3,3,3
1,0,1,1,1,1,0,1,0,1,1,1,1,0,1,3,3,3,3,3
1,0,1,0,0,0,0,1,0,0,0,0,1,0,1,3,3,3,3,3
1,0,1,0,1,1,0,1,0,1,1,0,1,0,1,3,3,3,3,3
1,0,1,0,1,1,0,1,0,1,1,0,1,0,1,3,3,3,3,3
1,0,0,0,0,0,0,0,0,0,0,0,0,0,1,3,3,3,3,3
1,0,1,0,1,1,1,0,1,1,1,0,1,0,1,3,3,3,3,3
1,0,1,0,1,0,0,0,0,0,1,0,1,0,1,3,3,3,3,3
1,0,1,0,1,1,1,1,1,1,1,0,1,0,1,3,3,3,3,3
1,0,0,0,0,0,0,0,0,0,0,0,0,0,1,3,3,3,3,3
1,1,1,1,0,1,1,1,1,1,0,1,1,1,1,3,3,3,3,3
1,0,0,0,0,0,0,1,0,0,0,0,0,0,1,3,3,3,3,3
1,1,1,1,1,1,1,1,1,1,1,1,1,1,1,3,3,3,3,3


